      0. 13088.50 11234.34  3621.54   1327.7     84.6 11234.34  3621.54  1.00000
  20000. 13088.41 11234.28  3621.49   1327.7     84.6 11234.28  3621.49  1.00000
  40000. 13088.15 11234.09  3621.36   1327.7     84.6 11234.09  3621.36  1.00000
  60000. 13087.72 11233.78  3621.15   1327.7     84.6 11233.78  3621.15  1.00000
  80000. 13087.11 11233.34  3620.84   1327.7     84.6 11233.34  3620.84  1.00000
 100000. 13086.32 11232.78  3620.45   1327.7     84.6 11232.78  3620.45  1.00000
 120000. 13085.36 11232.10  3619.98   1327.7     84.6 11232.10  3619.98  1.00000
 140000. 13084.23 11231.29  3619.42   1327.7     84.6 11231.29  3619.42  1.00000
 160000. 13082.93 11230.35  3618.77   1327.7     84.6 11230.35  3618.77  1.00000
 180000. 13081.45 11229.29  3618.03   1327.7     84.6 11229.29  3618.03  1.00000
 200000. 13079.79 11228.11  3617.21   1327.7     84.6 11228.11  3617.21  1.00000
 220000. 13077.96 11226.80  3616.30   1327.7     84.6 11226.80  3616.30  1.00000
 240000. 13075.96 11225.37  3615.30   1327.7     84.6 11225.37  3615.30  1.00000
 260000. 13073.78 11223.81  3614.22   1327.7     84.6 11223.81  3614.22  1.00000
 280000. 13071.43 11222.12  3613.05   1327.7     84.6 11222.12  3613.05  1.00000
 300000. 13068.90 11220.32  3611.80   1327.7     84.6 11220.32  3611.80  1.00000
 320000. 13066.20 11218.38  3610.46   1327.7     84.6 11218.38  3610.46  1.00000
 340000. 13063.33 11216.33  3609.03   1327.7     84.6 11216.33  3609.03  1.00000
 360000. 13060.28 11214.15  3607.51   1327.7     84.6 11214.15  3607.51  1.00000
 380000. 13057.06 11211.84  3605.91   1327.7     84.6 11211.84  3605.91  1.00000
 400000. 13053.66 11209.41  3604.23   1327.7     84.6 11209.41  3604.23  1.00000
 420000. 13050.09 11206.86  3602.45   1327.7     84.6 11206.86  3602.45  1.00000
 440000. 13046.34 11204.18  3600.59   1327.7     84.6 11204.18  3600.59  1.00000
 460000. 13042.43 11201.37  3598.64   1327.7     84.6 11201.37  3598.64  1.00000
 480000. 13038.33 11198.44  3596.61   1327.7     84.6 11198.44  3596.61  1.00000
 500000. 13034.06 11195.39  3594.49   1327.7     84.6 11195.39  3594.49  1.00000
 520000. 13029.62 11192.21  3592.28   1327.7     84.6 11192.21  3592.28  1.00000
 540000. 13025.01 11188.91  3589.99   1327.7     84.6 11188.91  3589.99  1.00000
 560000. 13020.22 11185.48  3587.61   1327.7     84.6 11185.48  3587.61  1.00000
 580000. 13015.25 11181.93  3585.14   1327.7     84.6 11181.93  3585.14  1.00000
 600000. 13010.11 11178.25  3582.59   1327.7     84.6 11178.25  3582.59  1.00000
 620000. 13004.80 11174.45  3579.95   1327.7     84.6 11174.45  3579.95  1.00000
 640000. 12999.31 11170.52  3577.22   1327.7     84.6 11170.52  3577.22  1.00000
 660000. 12993.65 11166.47  3574.41   1327.7     84.6 11166.47  3574.41  1.00000
 680000. 12987.82 11162.30  3571.51   1327.7     84.6 11162.30  3571.51  1.00000
 700000. 12981.81 11158.00  3568.52   1327.7     84.6 11158.00  3568.52  1.00000
 720000. 12975.62 11153.57  3565.45   1327.7     84.6 11153.57  3565.45  1.00000
 740000. 12969.26 11149.02  3562.29   1327.7     84.6 11149.02  3562.29  1.00000
 760000. 12962.73 11144.35  3559.05   1327.7     84.6 11144.35  3559.05  1.00000
 780000. 12956.03 11139.55  3555.71   1327.7     84.6 11139.55  3555.71  1.00000
 800000. 12949.14 11134.62  3552.29   1327.7     84.6 11134.62  3552.29  1.00000
 820000. 12942.09 11129.58  3548.79   1327.7     84.6 11129.58  3548.79  1.00000
 840000. 12934.86 11124.40  3545.20   1327.7     84.6 11124.40  3545.20  1.00000
 860000. 12927.46 11119.11  3541.52   1327.7     84.6 11119.11  3541.52  1.00000
 880000. 12919.88 11113.68  3537.75   1327.7     84.6 11113.68  3537.75  1.00000
 900000. 12912.13 11108.14  3533.90   1327.7     84.6 11108.14  3533.90  1.00000
 920000. 12904.20 11102.47  3529.96   1327.7     84.6 11102.47  3529.96  1.00000
 940000. 12896.10 11096.67  3525.94   1327.7     84.6 11096.67  3525.94  1.00000
 960000. 12887.83 11090.75  3521.83   1327.7     84.6 11090.75  3521.83  1.00000
 980000. 12879.38 11084.70  3517.63   1327.7     84.6 11084.70  3517.63  1.00000
1000000. 12870.76 11078.53  3513.35   1327.7     84.6 11078.53  3513.35  1.00000
1020000. 12861.96 11072.24  3508.98   1327.7     84.6 11072.24  3508.98  1.00000
1040000. 12852.99 11065.82  3504.52   1327.7     84.6 11065.82  3504.52  1.00000
1060000. 12843.84 11059.28  3499.97   1327.7     84.6 11059.28  3499.97  1.00000
1080000. 12834.52 11052.61  3495.34   1327.7     84.6 11052.61  3495.34  1.00000
1100000. 12825.03 11045.81  3490.63   1327.7     84.6 11045.81  3490.63  1.00000
1120000. 12815.36 11038.89  3485.82   1327.7     84.6 11038.89  3485.82  1.00000
1140000. 12805.52 11031.85  3480.93   1327.7     84.6 11031.85  3480.93  1.00000
1160000. 12795.50 11024.68  3475.96   1327.7     84.6 11024.68  3475.96  1.00000
1180000. 12785.32 11017.39  3470.89   1327.7     84.6 11017.39  3470.89  1.00000
1200000. 12774.95 11009.98  3465.74   1327.7     84.6 11009.98  3465.74  1.00000
1220000. 12764.41 11002.43  3460.51   1327.7     84.6 11002.43  3460.51  1.00000
1221500. 12763.61 11001.86  3460.11   1327.7     84.6 11001.86  3460.11  1.00000
1221500. 12166.33 10355.52     0.00  57823.0 999999.0 10355.52     0.00  1.00000
1240000. 12156.78 10344.78     0.00  57823.0 999999.0 10344.78     0.00  1.00000
1260000. 12146.32 10333.10     0.00  57823.0 999999.0 10333.10     0.00  1.00000
1280000. 12135.72 10321.36     0.00  57823.0 999999.0 10321.36     0.00  1.00000
1300000. 12124.99 10309.56     0.00  57823.0 999999.0 10309.56     0.00  1.00000
1320000. 12114.12 10297.68     0.00  57823.0 999999.0 10297.68     0.00  1.00000
1340000. 12103.11 10285.74     0.00  57823.0 999999.0 10285.74     0.00  1.00000
1360000. 12091.96 10273.71     0.00  57823.0 999999.0 10273.71     0.00  1.00000
1380000. 12080.67 10261.62     0.00  57823.0 999999.0 10261.62     0.00  1.00000
1400000. 12069.23 10249.44     0.00  57823.0 999999.0 10249.44     0.00  1.00000
1420000. 12057.65 10237.18     0.00  57823.0 999999.0 10237.18     0.00  1.00000
1440000. 12045.93 10224.84     0.00  57823.0 999999.0 10224.84     0.00  1.00000
1460000. 12034.06 10212.41     0.00  57823.0 999999.0 10212.41     0.00  1.00000
1480000. 12022.04 10199.89     0.00  57823.0 999999.0 10199.89     0.00  1.00000
1500000. 12009.88 10187.28     0.00  57823.0 999999.0 10187.28     0.00  1.00000
1520000. 11997.57 10174.58     0.00  57823.0 999999.0 10174.58     0.00  1.00000
1540000. 11985.11 10161.77     0.00  57823.0 999999.0 10161.77     0.00  1.00000
1560000. 11972.49 10148.87     0.00  57823.0 999999.0 10148.87     0.00  1.00000
1580000. 11959.73 10135.87     0.00  57823.0 999999.0 10135.87     0.00  1.00000
1600000. 11946.81 10122.76     0.00  57823.0 999999.0 10122.76     0.00  1.00000
1620000. 11933.74 10109.55     0.00  57823.0 999999.0 10109.55     0.00  1.00000
1640000. 11920.51 10096.22     0.00  57823.0 999999.0 10096.22     0.00  1.00000
1660000. 11907.13 10082.79     0.00  57823.0 999999.0 10082.79     0.00  1.00000
1680000. 11893.59 10069.24     0.00  57823.0 999999.0 10069.24     0.00  1.00000
1700000. 11879.89 10055.57     0.00  57823.0 999999.0 10055.57     0.00  1.00000
1720000. 11866.04 10041.79     0.00  57823.0 999999.0 10041.79     0.00  1.00000
1740000. 11852.02 10027.88     0.00  57823.0 999999.0 10027.88     0.00  1.00000
1760000. 11837.84 10013.84     0.00  57823.0 999999.0 10013.84     0.00  1.00000
1780000. 11823.50  9999.68     0.00  57823.0 999999.0  9999.68     0.00  1.00000
1800000. 11809.00  9985.39     0.00  57823.0 999999.0  9985.39     0.00  1.00000
1820000. 11794.33  9970.97     0.00  57823.0 999999.0  9970.97     0.00  1.00000
1840000. 11779.50  9956.42     0.00  57823.0 999999.0  9956.42     0.00  1.00000
1860000. 11764.50  9941.72     0.00  57823.0 999999.0  9941.72     0.00  1.00000
1880000. 11749.34  9926.89     0.00  57823.0 999999.0  9926.89     0.00  1.00000
1900000. 11734.01  9911.91     0.00  57823.0 999999.0  9911.91     0.00  1.00000
1920000. 11718.50  9896.79     0.00  57823.0 999999.0  9896.79     0.00  1.00000
1940000. 11702.83  9881.53     0.00  57823.0 999999.0  9881.53     0.00  1.00000
1960000. 11686.99  9866.11     0.00  57823.0 999999.0  9866.11     0.00  1.00000
1980000. 11670.97  9850.54     0.00  57823.0 999999.0  9850.54     0.00  1.00000
2000000. 11654.78  9834.82     0.00  57823.0 999999.0  9834.82     0.00  1.00000
2020000. 11638.41  9818.93     0.00  57823.0 999999.0  9818.93     0.00  1.00000
2040000. 11621.87  9802.89     0.00  57823.0 999999.0  9802.89     0.00  1.00000
2060000. 11605.16  9786.69     0.00  57823.0 999999.0  9786.69     0.00  1.00000
2080000. 11588.26  9770.32     0.00  57823.0 999999.0  9770.32     0.00  1.00000
2100000. 11571.19  9753.79     0.00  57823.0 999999.0  9753.79     0.00  1.00000
2120000. 11553.94  9737.08     0.00  57823.0 999999.0  9737.08     0.00  1.00000
2140000. 11536.50  9720.20     0.00  57823.0 999999.0  9720.20     0.00  1.00000
2160000. 11518.89  9703.15     0.00  57823.0 999999.0  9703.15     0.00  1.00000
2180000. 11501.09  9685.92     0.00  57823.0 999999.0  9685.92     0.00  1.00000
2200000. 11483.11  9668.51     0.00  57823.0 999999.0  9668.51     0.00  1.00000
2220000. 11464.95  9650.92     0.00  57823.0 999999.0  9650.92     0.00  1.00000
2240000. 11446.60  9633.14     0.00  57823.0 999999.0  9633.14     0.00  1.00000
2260000. 11428.06  9615.17     0.00  57823.0 999999.0  9615.17     0.00  1.00000
2280000. 11409.33  9597.02     0.00  57823.0 999999.0  9597.02     0.00  1.00000
2300000. 11390.42  9578.67     0.00  57823.0 999999.0  9578.67     0.00  1.00000
2320000. 11371.32  9560.13     0.00  57823.0 999999.0  9560.13     0.00  1.00000
2340000. 11352.02  9541.38     0.00  57823.0 999999.0  9541.38     0.00  1.00000
2360000. 11332.54  9522.44     0.00  57823.0 999999.0  9522.44     0.00  1.00000
2380000. 11312.86  9503.30     0.00  57823.0 999999.0  9503.30     0.00  1.00000
2400000. 11292.98  9483.95     0.00  57823.0 999999.0  9483.95     0.00  1.00000
2420000. 11272.92  9464.40     0.00  57823.0 999999.0  9464.40     0.00  1.00000
2440000. 11252.65  9444.63     0.00  57823.0 999999.0  9444.63     0.00  1.00000
2460000. 11232.19  9424.65     0.00  57823.0 999999.0  9424.65     0.00  1.00000
2480000. 11211.53  9404.46     0.00  57823.0 999999.0  9404.46     0.00  1.00000
2500000. 11190.67  9384.04     0.00  57823.0 999999.0  9384.04     0.00  1.00000
2520000. 11169.61  9363.41     0.00  57823.0 999999.0  9363.41     0.00  1.00000
2540000. 11148.35  9342.56     0.00  57823.0 999999.0  9342.56     0.00  1.00000
2560000. 11126.89  9321.48     0.00  57823.0 999999.0  9321.48     0.00  1.00000
2580000. 11105.23  9300.17     0.00  57823.0 999999.0  9300.17     0.00  1.00000
2600000. 11083.36  9278.63     0.00  57823.0 999999.0  9278.63     0.00  1.00000
2620000. 11061.29  9256.86     0.00  57823.0 999999.0  9256.86     0.00  1.00000
2640000. 11039.01  9234.85     0.00  57823.0 999999.0  9234.85     0.00  1.00000
2660000. 11016.52  9212.61     0.00  57823.0 999999.0  9212.61     0.00  1.00000
2680000. 10993.82  9190.12     0.00  57823.0 999999.0  9190.12     0.00  1.00000
2700000. 10970.92  9167.39     0.00  57823.0 999999.0  9167.39     0.00  1.00000
2720000. 10947.80  9144.42     0.00  57823.0 999999.0  9144.42     0.00  1.00000
2740000. 10924.48  9121.20     0.00  57823.0 999999.0  9121.20     0.00  1.00000
2760000. 10900.94  9097.73     0.00  57823.0 999999.0  9097.73     0.00  1.00000
2780000. 10877.18  9074.00     0.00  57823.0 999999.0  9074.00     0.00  1.00000
2800000. 10853.22  9050.02     0.00  57823.0 999999.0  9050.02     0.00  1.00000
2820000. 10829.04  9025.78     0.00  57823.0 999999.0  9025.78     0.00  1.00000
2840000. 10804.64  9001.28     0.00  57823.0 999999.0  9001.28     0.00  1.00000
2860000. 10780.02  8976.52     0.00  57823.0 999999.0  8976.52     0.00  1.00000
2880000. 10755.19  8951.49     0.00  57823.0 999999.0  8951.49     0.00  1.00000
2900000. 10730.13  8926.20     0.00  57823.0 999999.0  8926.20     0.00  1.00000
2920000. 10704.86  8900.63     0.00  57823.0 999999.0  8900.63     0.00  1.00000
2940000. 10679.36  8874.79     0.00  57823.0 999999.0  8874.79     0.00  1.00000
2960000. 10653.64  8848.67     0.00  57823.0 999999.0  8848.67     0.00  1.00000
2980000. 10627.70  8822.28     0.00  57823.0 999999.0  8822.28     0.00  1.00000
3000000. 10601.53  8795.60     0.00  57823.0 999999.0  8795.60     0.00  1.00000
3020000. 10575.14  8768.65     0.00  57823.0 999999.0  8768.65     0.00  1.00000
3040000. 10548.52  8741.40     0.00  57823.0 999999.0  8741.40     0.00  1.00000
3060000. 10521.67  8713.87     0.00  57823.0 999999.0  8713.87     0.00  1.00000
3080000. 10494.59  8686.05     0.00  57823.0 999999.0  8686.05     0.00  1.00000
3100000. 10467.29  8657.93     0.00  57823.0 999999.0  8657.93     0.00  1.00000
3120000. 10439.75  8629.52     0.00  57823.0 999999.0  8629.52     0.00  1.00000
3140000. 10411.98  8600.81     0.00  57823.0 999999.0  8600.81     0.00  1.00000
3160000. 10383.98  8571.80     0.00  57823.0 999999.0  8571.80     0.00  1.00000
3180000. 10355.74  8542.48     0.00  57823.0 999999.0  8542.48     0.00  1.00000
3200000. 10327.27  8512.86     0.00  57823.0 999999.0  8512.86     0.00  1.00000
3220000. 10298.57  8482.93     0.00  57823.0 999999.0  8482.93     0.00  1.00000
3240000. 10269.62  8452.69     0.00  57823.0 999999.0  8452.69     0.00  1.00000
3260000. 10240.44  8422.14     0.00  57823.0 999999.0  8422.14     0.00  1.00000
3280000. 10211.02  8391.27     0.00  57823.0 999999.0  8391.27     0.00  1.00000
3300000. 10181.36  8360.08     0.00  57823.0 999999.0  8360.08     0.00  1.00000
3320000. 10151.46  8328.57     0.00  57823.0 999999.0  8328.57     0.00  1.00000
3340000. 10121.31  8296.74     0.00  57823.0 999999.0  8296.74     0.00  1.00000
3360000. 10090.93  8264.58     0.00  57823.0 999999.0  8264.58     0.00  1.00000
3380000. 10060.29  8232.09     0.00  57823.0 999999.0  8232.09     0.00  1.00000
3400000. 10029.42  8199.28     0.00  57823.0 999999.0  8199.28     0.00  1.00000
3420000.  9998.29  8166.12     0.00  57823.0 999999.0  8166.12     0.00  1.00000
3440000.  9966.92  8132.63     0.00  57823.0 999999.0  8132.63     0.00  1.00000
3460000.  9935.31  8098.81     0.00  57823.0 999999.0  8098.81     0.00  1.00000
3480000.  9903.44  8064.64     0.00  57823.0 999999.0  8064.64     0.00  1.00000
3480000.  5566.46 13698.92  7239.80  57823.0    312.0 13698.92  7239.80  1.00000
3490000.  5561.44 13696.46  7239.91  57823.0    312.0 13696.46  7239.91  1.00000
3500000.  5556.43 13694.00  7240.01  57823.0    312.0 13694.00  7240.01  1.00000
3510000.  5551.42 13691.56  7240.11  57823.0    312.0 13691.56  7240.11  1.00000
3520000.  5546.42 13689.12  7240.20  57823.0    312.0 13689.12  7240.20  1.00000
3530000.  5541.42 13686.68  7240.30  57823.0    312.0 13686.68  7240.30  1.00000
3540000.  5536.41 13684.26  7240.39  57823.0    312.0 13684.26  7240.39  1.00000
3550000.  5531.41 13681.84  7240.48  57823.0    312.0 13681.84  7240.48  1.00000
3560000.  5526.42 13679.42  7240.57  57823.0    312.0 13679.42  7240.57  1.00000
3570000.  5521.42 13677.01  7240.65  57823.0    312.0 13677.01  7240.65  1.00000
3580000.  5516.43 13674.61  7240.74  57823.0    312.0 13674.61  7240.74  1.00000
3590000.  5511.43 13672.21  7240.82  57823.0    312.0 13672.21  7240.82  1.00000
3600000.  5506.44 13669.82  7240.90  57823.0    312.0 13669.82  7240.90  1.00000
3610000.  5501.45 13667.44  7240.97  57823.0    312.0 13667.44  7240.97  1.00000
3620000.  5496.46 13665.06  7241.05  57823.0    312.0 13665.06  7241.05  1.00000
3630000.  5491.48 13662.69  7241.12  57823.0    312.0 13662.69  7241.12  1.00000
3630000.  5491.48 13662.67  7241.07  57823.0    312.0 13662.67  7241.07  1.00000
3640000.  5486.49 13650.53  7236.50  57823.0    312.0 13650.53  7236.50  1.00000
3650000.  5481.51 13638.42  7231.94  57823.0    312.0 13638.42  7231.94  1.00000
3660000.  5476.52 13626.34  7227.39  57823.0    312.0 13626.34  7227.39  1.00000
3670000.  5471.54 13614.28  7222.84  57823.0    312.0 13614.28  7222.84  1.00000
3680000.  5466.56 13602.26  7218.30  57823.0    312.0 13602.26  7218.30  1.00000
3690000.  5461.58 13590.25  7213.77  57823.0    312.0 13590.25  7213.77  1.00000
3700000.  5456.60 13578.28  7209.24  57823.0    312.0 13578.28  7209.24  1.00000
3710000.  5451.62 13566.33  7204.72  57823.0    312.0 13566.33  7204.72  1.00000
3720000.  5446.64 13554.40  7200.20  57823.0    312.0 13554.40  7200.20  1.00000
3730000.  5441.67 13542.50  7195.69  57823.0    312.0 13542.50  7195.69  1.00000
3740000.  5436.69 13530.62  7191.19  57823.0    312.0 13530.62  7191.19  1.00000
3750000.  5431.71 13518.76  7186.69  57823.0    312.0 13518.76  7186.69  1.00000
3760000.  5426.74 13506.93  7182.20  57823.0    312.0 13506.93  7182.20  1.00000
3770000.  5421.76 13495.11  7177.71  57823.0    312.0 13495.11  7177.71  1.00000
3780000.  5416.79 13483.32  7173.23  57823.0    312.0 13483.32  7173.23  1.00000
3790000.  5411.81 13471.55  7168.75  57823.0    312.0 13471.55  7168.75  1.00000
3800000.  5406.84 13459.79  7164.28  57823.0    312.0 13459.79  7164.28  1.00000
3810000.  5401.86 13448.06  7159.81  57823.0    312.0 13448.06  7159.81  1.00000
3820000.  5396.89 13436.34  7155.34  57823.0    312.0 13436.34  7155.34  1.00000
3830000.  5391.92 13424.64  7150.88  57823.0    312.0 13424.64  7150.88  1.00000
3840000.  5386.94 13412.96  7146.42  57823.0    312.0 13412.96  7146.42  1.00000
3850000.  5381.97 13401.29  7141.97  57823.0    312.0 13401.29  7141.97  1.00000
3860000.  5376.99 13389.64  7137.52  57823.0    312.0 13389.64  7137.52  1.00000
3870000.  5372.02 13378.00  7133.07  57823.0    312.0 13378.00  7133.07  1.00000
3880000.  5367.04 13366.38  7128.62  57823.0    312.0 13366.38  7128.62  1.00000
3890000.  5362.06 13354.78  7124.18  57823.0    312.0 13354.78  7124.18  1.00000
3900000.  5357.09 13343.18  7119.74  57823.0    312.0 13343.18  7119.74  1.00000
3910000.  5352.11 13331.60  7115.30  57823.0    312.0 13331.60  7115.30  1.00000
3920000.  5347.13 13320.03  7110.86  57823.0    312.0 13320.03  7110.86  1.00000
3930000.  5342.15 13308.47  7106.43  57823.0    312.0 13308.47  7106.43  1.00000
3940000.  5337.17 13296.93  7101.99  57823.0    312.0 13296.93  7101.99  1.00000
3950000.  5332.19 13285.39  7097.56  57823.0    312.0 13285.39  7097.56  1.00000
3960000.  5327.21 13273.86  7093.13  57823.0    312.0 13273.86  7093.13  1.00000
3970000.  5322.22 13262.34  7088.70  57823.0    312.0 13262.34  7088.70  1.00000
3980000.  5317.24 13250.83  7084.27  57823.0    312.0 13250.83  7084.27  1.00000
3990000.  5312.25 13239.33  7079.84  57823.0    312.0 13239.33  7079.84  1.00000
4000000.  5307.27 13227.83  7075.41  57823.0    312.0 13227.83  7075.41  1.00000
4010000.  5302.28 13216.34  7070.98  57823.0    312.0 13216.34  7070.98  1.00000
4020000.  5297.29 13204.86  7066.55  57823.0    312.0 13204.86  7066.55  1.00000
4030000.  5292.30 13193.38  7062.12  57823.0    312.0 13193.38  7062.12  1.00000
4040000.  5287.31 13181.91  7057.68  57823.0    312.0 13181.91  7057.68  1.00000
4050000.  5282.31 13170.44  7053.25  57823.0    312.0 13170.44  7053.25  1.00000
4060000.  5277.32 13158.97  7048.82  57823.0    312.0 13158.97  7048.82  1.00000
4070000.  5272.32 13147.51  7044.38  57823.0    312.0 13147.51  7044.38  1.00000
4080000.  5267.32 13136.05  7039.95  57823.0    312.0 13136.05  7039.95  1.00000
4090000.  5262.32 13124.59  7035.51  57823.0    312.0 13124.59  7035.51  1.00000
4100000.  5257.32 13113.13  7031.07  57823.0    312.0 13113.13  7031.07  1.00000
4110000.  5252.31 13101.67  7026.62  57823.0    312.0 13101.67  7026.62  1.00000
4120000.  5247.30 13090.21  7022.18  57823.0    312.0 13090.21  7022.18  1.00000
4130000.  5242.29 13078.75  7017.73  57823.0    312.0 13078.75  7017.73  1.00000
4140000.  5237.28 13067.29  7013.28  57823.0    312.0 13067.29  7013.28  1.00000
4150000.  5232.27 13055.82  7008.83  57823.0    312.0 13055.82  7008.83  1.00000
4160000.  5227.25 13044.35  7004.37  57823.0    312.0 13044.35  7004.37  1.00000
4170000.  5222.23 13032.88  6999.91  57823.0    312.0 13032.88  6999.91  1.00000
4180000.  5217.21 13021.41  6995.44  57823.0    312.0 13021.41  6995.44  1.00000
4190000.  5212.18 13009.93  6990.98  57823.0    312.0 13009.93  6990.98  1.00000
4200000.  5207.16 12998.44  6986.50  57823.0    312.0 12998.44  6986.50  1.00000
4210000.  5202.13 12986.95  6982.03  57823.0    312.0 12986.95  6982.03  1.00000
4220000.  5197.09 12975.46  6977.54  57823.0    312.0 12975.46  6977.54  1.00000
4230000.  5192.06 12963.95  6973.06  57823.0    312.0 12963.95  6973.06  1.00000
4240000.  5187.02 12952.44  6968.57  57823.0    312.0 12952.44  6968.57  1.00000
4250000.  5181.98 12940.92  6964.07  57823.0    312.0 12940.92  6964.07  1.00000
4260000.  5176.93 12929.39  6959.57  57823.0    312.0 12929.39  6959.57  1.00000
4270000.  5171.88 12917.85  6955.06  57823.0    312.0 12917.85  6955.06  1.00000
4280000.  5166.83 12906.30  6950.55  57823.0    312.0 12906.30  6950.55  1.00000
4290000.  5161.78 12894.74  6946.03  57823.0    312.0 12894.74  6946.03  1.00000
4300000.  5156.72 12883.17  6941.50  57823.0    312.0 12883.17  6941.50  1.00000
4310000.  5151.66 12871.58  6936.97  57823.0    312.0 12871.58  6936.97  1.00000
4320000.  5146.59 12859.99  6932.43  57823.0    312.0 12859.99  6932.43  1.00000
4330000.  5141.52 12848.38  6927.88  57823.0    312.0 12848.38  6927.88  1.00000
4340000.  5136.45 12836.75  6923.33  57823.0    312.0 12836.75  6923.33  1.00000
4350000.  5131.37 12825.12  6918.77  57823.0    312.0 12825.12  6918.77  1.00000
4360000.  5126.29 12813.46  6914.20  57823.0    312.0 12813.46  6914.20  1.00000
4370000.  5121.21 12801.79  6909.62  57823.0    312.0 12801.79  6909.62  1.00000
4380000.  5116.12 12790.11  6905.04  57823.0    312.0 12790.11  6905.04  1.00000
4390000.  5111.03 12778.40  6900.45  57823.0    312.0 12778.40  6900.45  1.00000
4400000.  5105.93 12766.68  6895.85  57823.0    312.0 12766.68  6895.85  1.00000
4410000.  5100.83 12754.94  6891.24  57823.0    312.0 12754.94  6891.24  1.00000
4420000.  5095.73 12743.18  6886.62  57823.0    312.0 12743.18  6886.62  1.00000
4430000.  5090.62 12731.41  6881.99  57823.0    312.0 12731.41  6881.99  1.00000
4440000.  5085.50 12719.61  6877.35  57823.0    312.0 12719.61  6877.35  1.00000
4450000.  5080.39 12707.79  6872.71  57823.0    312.0 12707.79  6872.71  1.00000
4460000.  5075.26 12695.95  6868.05  57823.0    312.0 12695.95  6868.05  1.00000
4470000.  5070.14 12684.09  6863.39  57823.0    312.0 12684.09  6863.39  1.00000
4480000.  5065.00 12672.21  6858.71  57823.0    312.0 12672.21  6858.71  1.00000
4490000.  5059.87 12660.30  6854.02  57823.0    312.0 12660.30  6854.02  1.00000
4500000.  5054.73 12648.37  6849.33  57823.0    312.0 12648.37  6849.33  1.00000
4510000.  5049.58 12636.41  6844.62  57823.0    312.0 12636.41  6844.62  1.00000
4520000.  5044.43 12624.43  6839.90  57823.0    312.0 12624.43  6839.90  1.00000
4530000.  5039.27 12612.42  6835.17  57823.0    312.0 12612.42  6835.17  1.00000
4540000.  5034.11 12600.39  6830.43  57823.0    312.0 12600.39  6830.43  1.00000
4550000.  5028.94 12588.33  6825.67  57823.0    312.0 12588.33  6825.67  1.00000
4560000.  5023.77 12576.24  6820.91  57823.0    312.0 12576.24  6820.91  1.00000
4570000.  5018.59 12564.12  6816.13  57823.0    312.0 12564.12  6816.13  1.00000
4580000.  5013.41 12551.98  6811.34  57823.0    312.0 12551.98  6811.34  1.00000
4590000.  5008.22 12539.81  6806.54  57823.0    312.0 12539.81  6806.54  1.00000
4600000.  5003.02 12527.60  6801.73  57823.0    312.0 12527.60  6801.73  1.00000
4610000.  4997.82 12515.37  6796.90  57823.0    312.0 12515.37  6796.90  1.00000
4620000.  4992.62 12503.10  6792.06  57823.0    312.0 12503.10  6792.06  1.00000
4630000.  4987.41 12490.80  6787.20  57823.0    312.0 12490.80  6787.20  1.00000
4640000.  4982.19 12478.47  6782.33  57823.0    312.0 12478.47  6782.33  1.00000
4650000.  4976.97 12466.11  6777.45  57823.0    312.0 12466.11  6777.45  1.00000
4660000.  4971.74 12453.71  6772.56  57823.0    312.0 12453.71  6772.56  1.00000
4670000.  4966.50 12441.28  6767.65  57823.0    312.0 12441.28  6767.65  1.00000
4680000.  4961.26 12428.81  6762.72  57823.0    312.0 12428.81  6762.72  1.00000
4690000.  4956.01 12416.31  6757.78  57823.0    312.0 12416.31  6757.78  1.00000
4700000.  4950.76 12403.77  6752.83  57823.0    312.0 12403.77  6752.83  1.00000
4710000.  4945.50 12391.20  6747.86  57823.0    312.0 12391.20  6747.86  1.00000
4720000.  4940.23 12378.59  6742.87  57823.0    312.0 12378.59  6742.87  1.00000
4730000.  4934.96 12365.93  6737.87  57823.0    312.0 12365.93  6737.87  1.00000
4740000.  4929.68 12353.25  6732.86  57823.0    312.0 12353.25  6732.86  1.00000
4750000.  4924.39 12340.52  6727.83  57823.0    312.0 12340.52  6727.83  1.00000
4760000.  4919.10 12327.75  6722.78  57823.0    312.0 12327.75  6722.78  1.00000
4770000.  4913.80 12314.94  6717.71  57823.0    312.0 12314.94  6717.71  1.00000
4780000.  4908.49 12302.09  6712.63  57823.0    312.0 12302.09  6712.63  1.00000
4790000.  4903.18 12289.20  6707.54  57823.0    312.0 12289.20  6707.54  1.00000
4800000.  4897.86 12276.26  6702.42  57823.0    312.0 12276.26  6702.42  1.00000
4810000.  4892.53 12263.28  6697.29  57823.0    312.0 12263.28  6697.29  1.00000
4820000.  4887.20 12250.26  6692.14  57823.0    312.0 12250.26  6692.14  1.00000
4830000.  4881.86 12237.20  6686.97  57823.0    312.0 12237.20  6686.97  1.00000
4840000.  4876.51 12224.09  6681.79  57823.0    312.0 12224.09  6681.79  1.00000
4850000.  4871.15 12210.93  6676.58  57823.0    312.0 12210.93  6676.58  1.00000
4860000.  4865.79 12197.73  6671.36  57823.0    312.0 12197.73  6671.36  1.00000
4870000.  4860.41 12184.48  6666.12  57823.0    312.0 12184.48  6666.12  1.00000
4880000.  4855.03 12171.19  6660.86  57823.0    312.0 12171.19  6660.86  1.00000
4890000.  4849.65 12157.84  6655.59  57823.0    312.0 12157.84  6655.59  1.00000
4900000.  4844.25 12144.45  6650.29  57823.0    312.0 12144.45  6650.29  1.00000
4910000.  4838.85 12131.01  6644.97  57823.0    312.0 12131.01  6644.97  1.00000
4920000.  4833.44 12117.52  6639.64  57823.0    312.0 12117.52  6639.64  1.00000
4930000.  4828.02 12103.97  6634.28  57823.0    312.0 12103.97  6634.28  1.00000
4940000.  4822.60 12090.38  6628.90  57823.0    312.0 12090.38  6628.90  1.00000
4950000.  4817.16 12076.74  6623.51  57823.0    312.0 12076.74  6623.51  1.00000
4960000.  4811.72 12063.04  6618.09  57823.0    312.0 12063.04  6618.09  1.00000
4970000.  4806.27 12049.29  6612.65  57823.0    312.0 12049.29  6612.65  1.00000
4980000.  4800.81 12035.49  6607.20  57823.0    312.0 12035.49  6607.20  1.00000
4990000.  4795.34 12021.63  6601.72  57823.0    312.0 12021.63  6601.72  1.00000
5000000.  4789.87 12007.72  6596.22  57823.0    312.0 12007.72  6596.22  1.00000
5010000.  4784.38 11993.75  6590.69  57823.0    312.0 11993.75  6590.69  1.00000
5020000.  4778.89 11979.73  6585.15  57823.0    312.0 11979.73  6585.15  1.00000
5030000.  4773.39 11965.65  6579.59  57823.0    312.0 11965.65  6579.59  1.00000
5040000.  4767.88 11951.51  6574.00  57823.0    312.0 11951.51  6574.00  1.00000
5050000.  4762.36 11937.31  6568.39  57823.0    312.0 11937.31  6568.39  1.00000
5060000.  4756.83 11923.06  6562.75  57823.0    312.0 11923.06  6562.75  1.00000
5070000.  4751.30 11908.75  6557.10  57823.0    312.0 11908.75  6557.10  1.00000
5080000.  4745.75 11894.38  6551.42  57823.0    312.0 11894.38  6551.42  1.00000
5090000.  4740.20 11879.94  6545.72  57823.0    312.0 11879.94  6545.72  1.00000
5100000.  4734.63 11865.45  6539.99  57823.0    312.0 11865.45  6539.99  1.00000
5110000.  4729.06 11850.89  6534.24  57823.0    312.0 11850.89  6534.24  1.00000
5120000.  4723.48 11836.28  6528.47  57823.0    312.0 11836.28  6528.47  1.00000
5130000.  4717.89 11821.60  6522.67  57823.0    312.0 11821.60  6522.67  1.00000
5140000.  4712.28 11806.85  6516.85  57823.0    312.0 11806.85  6516.85  1.00000
5150000.  4706.67 11792.05  6511.00  57823.0    312.0 11792.05  6511.00  1.00000
5160000.  4701.05 11777.17  6505.13  57823.0    312.0 11777.17  6505.13  1.00000
5170000.  4695.42 11762.24  6499.24  57823.0    312.0 11762.24  6499.24  1.00000
5180000.  4689.78 11747.23  6493.32  57823.0    312.0 11747.23  6493.32  1.00000
5190000.  4684.13 11732.16  6487.37  57823.0    312.0 11732.16  6487.37  1.00000
5200000.  4678.48 11717.03  6481.40  57823.0    312.0 11717.03  6481.40  1.00000
5210000.  4672.81 11701.82  6475.40  57823.0    312.0 11701.82  6475.40  1.00000
5220000.  4667.13 11686.55  6469.38  57823.0    312.0 11686.55  6469.38  1.00000
5230000.  4661.44 11671.21  6463.33  57823.0    312.0 11671.21  6463.33  1.00000
5240000.  4655.74 11655.79  6457.25  57823.0    312.0 11655.79  6457.25  1.00000
5250000.  4650.03 11640.31  6451.15  57823.0    312.0 11640.31  6451.15  1.00000
5260000.  4644.31 11624.76  6445.02  57823.0    312.0 11624.76  6445.02  1.00000
5270000.  4638.58 11609.14  6438.86  57823.0    312.0 11609.14  6438.86  1.00000
5280000.  4632.84 11593.44  6432.67  57823.0    312.0 11593.44  6432.67  1.00000
5290000.  4627.09 11577.67  6426.46  57823.0    312.0 11577.67  6426.46  1.00000
5300000.  4621.33 11561.83  6420.22  57823.0    312.0 11561.83  6420.22  1.00000
5310000.  4615.55 11545.91  6413.95  57823.0    312.0 11545.91  6413.95  1.00000
5320000.  4609.77 11529.92  6407.66  57823.0    312.0 11529.92  6407.66  1.00000
5330000.  4603.98 11513.86  6397.80  57823.0    312.0 11513.86  6397.80  1.00000
5340000.  4598.17 11497.72  6389.80  57823.0    312.0 11497.72  6389.80  1.00000
5350000.  4592.36 11481.50  6381.80  57823.0    312.0 11481.50  6381.80  1.00000
5360000.  4586.53 11465.20  6373.80  57823.0    312.0 11465.20  6373.80  1.00000
5370000.  4580.69 11448.83  6365.80  57823.0    312.0 11448.83  6365.80  1.00000
5380000.  4574.84 11432.38  6359.60  57823.0    312.0 11432.38  6359.60  1.00000
5390000.  4568.98 11415.85  6353.60  57823.0    312.0 11415.85  6353.60  1.00000
5400000.  4563.11 11399.24  6347.60  57823.0    312.0 11399.24  6347.60  1.00000
5410000.  4557.23 11322.00  6341.60  57823.0    312.0 11322.00  6341.60  1.00000
5420000.  4551.33 11302.00  6335.60  57823.0    312.0 11302.00  6335.60  1.00000
5430000.  4545.43 11282.00  6329.60  57823.0    312.0 11282.00  6329.60  1.00000
5440000.  4539.51 11262.00  6323.60  57823.0    312.0 11262.00  6323.60  1.00000
5450000.  4533.58 11242.00  6317.60  57823.0    312.0 11242.00  6317.60  1.00000
5460000.  4527.64 11222.00  6311.60  57823.0    312.0 11222.00  6311.60  1.00000
5470000.  4521.69 11202.00  6305.60  57823.0    312.0 11202.00  6305.60  1.00000
5480000.  4515.73 11182.00  6299.60  57823.0    312.0 11182.00  6299.60  1.00000
5490000.  4509.75 11162.00  6293.60  57823.0    312.0 11162.00  6293.60  1.00000
5500000.  4503.76 11142.00  6287.60  57823.0    312.0 11142.00  6287.60  1.00000
5510000.  4497.76 11122.00  6281.60  57823.0    312.0 11122.00  6281.60  1.00000
5520000.  4491.75 11102.00  6275.60  57823.0    312.0 11102.00  6275.60  1.00000
5530000.  4485.72 11082.00  6269.60  57823.0    312.0 11082.00  6269.60  1.00000
5540000.  4479.69 11062.00  6263.60  57823.0    312.0 11062.00  6263.60  1.00000
5550000.  4473.64 11042.00  6256.80  57823.0    312.0 11042.00  6256.80  1.00000
5560000.  4467.58 11022.00  6248.80  57823.0    312.0 11022.00  6248.80  1.00000
5570000.  4461.50 11002.00  6240.80  57823.0    312.0 11002.00  6240.80  1.00000
5580000.  4456.73 10982.00  6232.80  50000.0    300.0 10982.00  6232.80  1.00000
5580000.  4456.73 10982.00  6232.80  50000.0    300.0 10982.00  6232.80  1.00000
5590000.  4444.99 10962.00  6224.80  50000.0    300.0 10962.00  6224.80  1.00000
5600000.  4433.24 10942.00  6216.80  50000.0    300.0 10942.00  6216.80  1.00000
5610000.  4421.49 10922.00  6208.80  50000.0    300.0 10922.00  6208.80  1.00000
5620000.  4409.75 10902.00  6200.80  50000.0    300.0 10902.00  6200.80  1.00000
5630000.  4398.00 10882.00  6174.80  50000.0    300.0 10882.00  6174.80  1.00000
5640000.  4386.26 10862.00  6146.80  50000.0    300.0 10862.00  6146.80  1.00000
5650000.  4374.51 10842.00  6117.20  50000.0    300.0 10842.00  6117.20  1.00000
5660000.  4362.76 10822.00  6085.20  50000.0    300.0 10822.00  6085.20  1.00000
5670000.  4351.02 10802.00  6053.20  50000.0    300.0 10802.00  6053.20  1.00000
5680000.  4339.27 10782.00  6024.80  50000.0    300.0 10782.00  6024.80  1.00000
5690000.  4327.52 10762.00  5996.80  50000.0    300.0 10762.00  5996.80  1.00000
5700000.  4315.78 10710.50  5961.33  50000.0    300.0 10710.50  5961.33  1.00000
5710000.  4304.03 10655.50  5914.67  50000.0    300.0 10655.50  5914.67  1.00000
5711000.  4302.45 10650.00  5910.00  50000.0    300.0 10650.00  5910.00  1.00000
5711000.  4034.45 10360.00  5500.00  50000.0    300.0 10360.00  5500.00  1.00000
5720000.  4024.31 10292.50  5485.86  50000.0    300.0 10292.50  5485.86  1.00000
5730000.  4014.20 10217.50  5470.14  50000.0    300.0 10217.50  5470.14  1.00000
5740000.  4004.10 10142.50  5454.43  50000.0    300.0 10142.50  5454.43  1.00000
5750000.  3994.00 10067.50  5437.00  50000.0    300.0 10067.50  5437.00  1.00000
5760000.  3983.89 10031.46  5417.00  50000.0    300.0 10031.46  5417.00  1.00000
5770000.  3973.79  9999.76  5397.00  50000.0    300.0  9999.76  5397.00  1.00000
5780000.  3963.68  9968.05  5377.00  50000.0    300.0  9968.05  5377.00  1.00000
5790000.  3953.58  9936.34  5357.00  50000.0    300.0  9936.34  5357.00  1.00000
5800000.  3943.48  9904.63  5336.20  50000.0    300.0  9904.63  5336.20  1.00000
5810000.  3933.37  9872.93  5314.20  50000.0    300.0  9872.93  5314.20  1.00000
5820000.  3923.27  9841.22  5292.20  50000.0    300.0  9841.22  5292.20  1.00000
5830000.  3913.16  9809.51  5272.00  50000.0    300.0  9809.51  5272.00  1.00000
5840000.  3903.06  9774.23  5252.00  50000.0    300.0  9774.23  5252.00  1.00000
5850000.  3892.96  9737.41  5232.00  50000.0    300.0  9737.41  5232.00  1.00000
5860000.  3882.85  9700.59  5212.00  50000.0    300.0  9700.59  5212.00  1.00000
5863552.  3879.26  9687.51  5204.90  50000.0    300.0  9687.51  5204.90  1.00000
5863552.  3848.59  9687.51  5204.90  50000.0    300.0  9687.51  5204.90  1.00000
5870000.  3839.13  9663.77  5192.00  50000.0    300.0  9663.77  5192.00  1.00000
5880000.  3824.48  9626.95  5172.00  50000.0    300.0  9626.95  5172.00  1.00000
5890000.  3809.82  9590.14  5152.00  50000.0    300.0  9590.14  5152.00  1.00000
5900000.  3795.16  9553.32  5132.00  50000.0    300.0  9553.32  5132.00  1.00000
5910000.  3780.51  9516.50  5112.00  50000.0    300.0  9516.50  5112.00  1.00000
5920000.  3765.85  9479.68  5092.00  50000.0    300.0  9479.68  5092.00  1.00000
5930000.  3751.19  9441.60  5075.60  50000.0    300.0  9441.60  5075.60  1.00000
5940000.  3736.54  9403.38  5059.60  50000.0    300.0  9403.38  5059.60  1.00000
5950000.  3721.88  9365.16  5040.00  50000.0    300.0  9365.16  5040.00  1.00000
5960000.  3708.00  9326.93  5015.00  50000.0    300.0  9326.93  5015.00  1.00000
5966000.  3703.43  9304.00  4999.83  50000.0    300.0  9304.00  4999.83  1.00000
5966000.  3569.49  8888.38  4779.81  50000.0    300.0  8888.38  4779.81  1.00000
5970000.  3567.08  8870.19  4772.53  50000.0    300.0  8870.19  4772.53  1.00000
5980000.  3561.05  8824.73  4754.35  50000.0    300.0  8824.73  4754.35  1.00000
5990000.  3555.02  8779.26  4736.18  50000.0    300.0  8779.26  4736.18  1.00000
6000000.  3549.00  8733.79  4718.00  50000.0    300.0  8733.79  4718.00  1.00000
6010000.  3542.97  8688.33  4699.82  50000.0    300.0  8688.33  4699.82  1.00000
6020000.  3536.94  8642.86  4681.65  50000.0    300.0  8642.86  4681.65  1.00000
6020000.  3536.94  8642.87  4681.60  50000.0    300.0  8642.87  4681.60  1.00000
6030000.  3530.47  8595.91  4659.65  50000.0    300.0  8595.91  4659.65  1.00000
6040000.  3524.00  8548.95  4637.69  50000.0    300.0  8548.95  4637.69  1.00000
6050000.  3517.53  8502.00  4615.73  50000.0    300.0  8502.00  4615.73  1.00000
6060000.  3511.06  8455.04  4593.77  50000.0    300.0  8455.04  4593.77  1.00000
6070000.  3504.59  8408.08  4571.81  50000.0    300.0  8408.08  4571.81  1.00000
6070000.  3504.59  8408.09  4571.65  50000.0    300.0  8408.09  4571.65  1.00000
6080000.  3498.12  8361.10  4549.83  50000.0    300.0  8361.10  4549.83  1.00000
6090000.  3491.65  8314.10  4528.00  50000.0    300.0  8314.10  4528.00  1.00000
6100000.  3485.18  8267.11  4506.17  50000.0    300.0  8267.11  4506.17  1.00000
6110000.  3478.71  8220.11  4484.34  50000.0    300.0  8220.11  4484.34  1.00000
6120000.  3472.24  8173.11  4462.52  50000.0    300.0  8173.11  4462.52  1.00000
6120000.  3472.24  8173.13  4462.38  50000.0    300.0  8173.13  4462.38  1.00000
6130000.  3465.77  8149.00  4443.51  50000.0    300.0  8149.00  4443.51  1.00000
6140000.  3459.30  8124.87  4424.66  50000.0    300.0  8124.87  4424.66  1.00000
6150000.  3452.83  8100.74  4405.86  50000.0    300.0  8100.74  4405.86  1.00000
6160000.  3446.36  8076.60  4387.08  50000.0    300.0  8076.60  4387.08  1.00000
6170000.  3439.89  8052.48  4368.34  50000.0    300.0  8052.48  4368.34  1.00000
6170000.  3439.89  8052.49  4368.69  50000.0    300.0  8052.49  4368.69  1.00000
6180000.  3432.03  8015.17  4341.59  50000.0    300.0  8037.40  4354.92  0.99444
6190000.  3424.17  7977.85  4314.49  50000.0    300.0  8022.30  4341.15  0.98888
6200000.  3416.32  7940.55  4287.39  50000.0    300.0  8007.22  4327.39  0.98333
6210000.  3408.46  7903.23  4260.29  50000.0    300.0  7992.12  4313.62  0.97777
6220000.  3400.60  7865.91  4233.20  50000.0    300.0  7977.03  4299.86  0.97222
6220000.  3400.60  7865.92  4233.57  50000.0    300.0  7977.04  4300.23  0.97222
6230000.  3394.50  7843.20  4226.20  50000.0    300.0  7976.54  4306.20  0.96666
6240000.  3388.41  7820.46  4218.85  50000.0    300.0  7976.02  4312.18  0.96111
6250000.  3382.31  7797.75  4211.56  50000.0    300.0  7975.53  4318.22  0.95555
6250000.  3382.31  7797.75  4211.90  50000.0    300.0  7975.53  4318.56  0.95555
6260000.  3376.21  7782.93  4231.36  50000.0    300.0  7982.93  4351.36  0.95000
6270000.  3370.11  7790.31  4250.85  50000.0    300.0  7990.31  4370.85  0.95000
6280000.  3364.01  7797.69  4270.41  50000.0    300.0  7997.69  4390.41  0.95000
6280000.  3364.01  7797.69  4270.69  50000.0    300.0  7997.69  4390.69  0.95000
6290000.  3367.23  7783.04  4308.86  50000.0    300.0  7983.04  4428.86  0.95000
6300000.  3370.46  7768.41  4347.11  50000.0    300.0  7968.41  4467.11  0.95000
6310000.  3373.68  7753.77  4385.42  50000.0    300.0  7953.77  4505.42  0.95000
6310000.  3373.68  7753.74  4385.63  50000.0    300.0  7953.74  4505.63  0.95000
6320000.  3366.53  7785.78  4445.42  50000.0    300.0  7985.78  4565.42  0.95000
6330000.  3359.39  7817.80  4505.27  50000.0    300.0  8017.80  4625.27  0.95000
6340000.  3352.24  7849.82  4565.18  50000.0    300.0  8049.82  4685.18  0.95000
6340000.  3351.32  7849.61  4565.49  50000.0    300.0  8049.61  4685.49  0.95000
6350000.  3344.47  7926.91  4598.28  50000.0    300.0  8126.91  4718.28  0.95000
6360700.  3338.10  8000.14  4630.19  50000.0    300.0  8200.14  4750.19  0.95000
6360700.  3027.10  6900.00  3684.81  50000.0    300.0  6900.00  3684.81  1.00000
6365000.  3027.10  6700.00  3600.00  50000.0    300.0  6700.00  3600.00  1.00000
6366700.  3027.10  6300.00  3483.84  50000.0    300.0  6300.00  3483.84  1.00000
6366700.  1500.00  2010.00   920.00  50000.0    300.0  2010.00   920.00  1.00000
6367000.  1500.00  2010.00   920.00  50000.0    300.0  2010.00   920.00  1.00000
6367000.  1030.00  1500.00     0.00  50000.0    300.0  1500.00     0.00  1.00000
6371000.  1030.00  1500.00     0.00  50000.0    300.0  1500.00     0.00  1.00000
