125.6385784279061397228360875	123.9042655724627621793842991	125.7391496333717526567852474
0.0000000000000000000000000	0.0000000000000000000000000	0.0000000000000000000000000
0.0000000000000000000000000	0.0000000000000000000000000	0.0000000000000000000000000
0.0000000000000000000000000	0.0000000000000000000000000	0.0000000000000000000000000
0.0000000000000000000000000	0.0000000000000000000000000	0.0000000000000000000000000
0.0000000000000000000000000	0.0000000000000000000000000	0.0000000000000000000000000
0.0000000000000000000000000	0.0000000000000000000000000	0.0000000000000000000000000
0.0000000000000000000000000	0.0000000000000000000000000	0.0000000000000000000000000
0.0000000000000000000000000	0.0000000000000000000000000	0.0000000000000000000000000
0.0000000000000000000000000	0.0000000000000000000000000	0.0000000000000000000000000
0.0000000000000000000000000	0.0000000000000000000000000	0.0000000000000000000000000
0.0000000000000000000000000	0.0000000000000000000000000	0.0000000000000000000000000
0.0000000000000000000000000	0.0000000000000000000000000	0.0000000000000000000000000
0.0000000000000000000000000	0.0000000000000000000000000	0.0000000000000000000000000
0.0000000000000000000000000	0.0000000000000000000000000	0.0000000000000000000000000
0.0000000000000000000000000	0.0000000000000000000000000	0.0000000000000000000000000
0.0000000000000000000000000	0.0000000000000000000000000	0.0000000000000000000000000
0.0000000000000000000000000	0.0000000000000000000000000	0.0000000000000000000000000
0.0000000000000000000000000	0.0000000000000000000000000	0.0000000000000000000000000
0.0000000000000000000000000	0.0000000000000000000000000	0.0000000000000000000000000
0.0000000000000000000000000	0.0000000000000000000000000	0.0000000000000000000000000
