126.3205731238356719359217095
0.0000000004073035486549681
0.0000000003504826362848047
0.0000000003504826362848047
0.0000000002636949611969429
0.0000000002636949611969429
0.0000000001913353317583041
0.0000000001913353317583041
0.0000000001292028450467190
0.0000000001292028450467190
0.0000000000734778064201802
0.0000000000734778064201802
0.0000000000237584031368863
0.0000000000237584031368863
0.0000000000196960592380225
0.0000000000196960592380225
0.0000000000578508103163986
0.0000000000578508103163986
0.0000000000908876223411993
0.0000000000908876223411993
0.0000000001193349638272108
