126.3205731238356719359217095	126.1430497325755055726403953	124.1000455694170625520200701
0.7853981633974482789994909	-2.3561944901923448369984726	-2.3561944901923448369984726
0.7853981633974482789994909	-2.3561944901923448369984726	-2.3561944901923448369984726
0.7853981633974482789994909	-2.3561944901923448369984726	-2.3561944901923448369984726
0.7853981633974482789994909	-2.3561944901923448369984726	-2.3561944901923448369984726
0.7853981633974482789994909	-2.3561944901923448369984726	-2.3561944901923448369984726
0.7853981633974482789994909	-2.3561944901923448369984726	-2.3561944901923448369984726
0.7853981633974482789994909	-2.3561944901923448369984726	-2.3561944901923448369984726
0.7853981633974482789994909	-2.3561944901923448369984726	-2.3561944901923448369984726
0.7853981633974482789994909	-2.3561944901923448369984726	-2.3561944901923448369984726
0.7853981633974482789994909	-2.3561944901923448369984726	-2.3561944901923448369984726
0.7853981633974482789994909	-2.3561944901923448369984726	-2.3561944901923448369984726
0.7853981633974482789994909	-2.3561944901923448369984726	-2.3561944901923448369984726
0.7853981633974482789994909	-2.3561944901923448369984726	-2.3561944901923448369984726
-2.3561944901923448369984726	-2.3561944901923448369984726	-2.3561944901923448369984726
-2.3561944901923448369984726	-2.3561944901923448369984726	-2.3561944901923448369984726
-2.3561944901923448369984726	-2.3561944901923448369984726	-2.3561944901923448369984726
-2.3561944901923448369984726	-2.3561944901923448369984726	-2.3561944901923448369984726
-2.3561944901923448369984726	-2.3561944901923448369984726	-2.3561944901923448369984726
-2.3561944901923448369984726	-2.3561944901923448369984726	-2.3561944901923448369984726
-2.3561944901923448369984726	-2.3561944901923448369984726	-2.3561944901923448369984726
