126.3205731238356719359217095	126.1430497325755055726403953	124.1000455694170625520200701
0.0000000004073035486549681	0.0000000000233878251871930	0.0000000001728008550488084
0.0000000003504826362848047	0.0000000000353362657672467	0.0000000001765085612712146
0.0000000003504826362848047	0.0000000000353362657672467	0.0000000001765085612712146
0.0000000002636949611969429	0.0000000000594331727561727	0.0000000001898993565642367
0.0000000002636949611969429	0.0000000000594331727561727	0.0000000001898993565642367
0.0000000001913353317583041	0.0000000000821208638203955	0.0000000002019020466856338
0.0000000001913353317583041	0.0000000000821208638203955	0.0000000002019020466856338
0.0000000001292028450467190	0.0000000001053445821978482	0.0000000002151509063166000
0.0000000001292028450467190	0.0000000001053445821978482	0.0000000002151509063166000
0.0000000000734778064201802	0.0000000001286138782064931	0.0000000002276201028385306
0.0000000000734778064201802	0.0000000001286138782064931	0.0000000002276201028385306
0.0000000000237584031368863	0.0000000001517487236553761	0.0000000002391001625743151
0.0000000000237584031368863	0.0000000001517487236553761	0.0000000002391001625743151
0.0000000000196960592380225	0.0000000001741820275968484	0.0000000002492141039916563
0.0000000000196960592380225	0.0000000001741820275968484	0.0000000002492141039916563
0.0000000000578508103163986	0.0000000001959256855695922	0.0000000002578259955853793
0.0000000000578508103163986	0.0000000001959256855695922	0.0000000002578259955853793
0.0000000000908876223411993	0.0000000002167704565174535	0.0000000002647670133678087
0.0000000000908876223411993	0.0000000002167704565174535	0.0000000002647670133678087
0.0000000001193349638272108	0.0000000002357429338927558	0.0000000002687209445459154
