0.0000000000000000000000000	0.0000000000000000000000000	0.0000000000000000000000000
100.0000000000000000000000000	250.0000000000000000000000000	500.0000000000000000000000000
99.1507859741137167475244496	249.9278165147011350200045854	502.2530221566415775669156574
0.0000000005470021063066802	0.0000000000610781801981751	0.0000000000213112861546207
0.0000000005569103251426747	0.0000000000625911084101588	0.0000000000218450465686807
0.0000000005666583145534649	0.0000000000641042492993115	0.0000000000223826133851872
0.0000000005762428370515725	0.0000000000656163904599945	0.0000000000229233429708871
0.0000000005856606945262022	0.0000000000671262895415933	0.0000000000234665873652333
0.0000000005949087288439139	0.0000000000686326765716381	0.0000000000240116950605196
0.0000000006039838225928442	0.0000000000701342563750791	0.0000000000245580117921699
0.0000000006128828999544437	0.0000000000716297110694777	0.0000000000251048813371556
0.0000000006216029276886804	0.0000000000731177026184192	0.0000000000256516463186497
0.0000000006301409162202789	0.0000000000745968754276760	0.0000000000261976490151502
0.0000000006384939208149102	0.0000000000760658589705743	0.0000000000267422321724159
0.0000000006466590428353572	0.0000000000775232704306993	0.0000000000272847398166552
0.0000000006546334310686018	0.0000000000789677173515345	0.0000000000278245180675001
0.0000000006624142831155478	0.0000000000803978002839033	0.0000000000283609159493742
0.0000000006699988468357318	0.0000000000818121154231890	0.0000000000288932861999340
0.0000000006773844218399154	0.0000000000832092572292694	0.0000000000294209860743243
0.0000000006845683610239020	0.0000000000845878210229424	0.0000000000299433781440468
0.0000000006915480721373033	0.0000000000859464055533429	0.0000000000304598310892846
0.0000000006983210193813104	0.0000000000872836155314811	0.0000000000309697204835759
0.0000000007048847250297963	0.0000000000885980641255816	0.0000000000314724295697645
0.0000000007112367710683319	0.0000000000898883754143719	0.0000000000319673500261960
0.0000000007173748008458930	0.0000000000911531867948814	0.0000000000324538827221573
0.0000000007232965207342335	0.0000000000923911513416645	0.0000000000329314384615911
0.0000000007289997017900651	0.0000000000936009401146700	0.0000000000333994387141457
0.0000000007344821814153335	0.0000000000947812444132421	0.0000000000338573163326458
0.0000000007397418650110213	0.0000000000959307779739697	0.0000000000343045162560989
0.0000000007447767276200425	0.0000000000970482791103009	0.0000000000347404961973769
0.0000000007495848155549126	0.0000000000981325127920101	0.0000000000351647273147348
0.0000000007541642480060031	0.0000000000991822726627603	0.0000000000355766948663586
0.0000000007585132186263022	0.0000000001001963829941330	0.0000000000359758988471523
0.0000000007626299970887205	0.0000000001011737005746166	0.0000000000363618546070045
0.0000000007665129306121010	0.0000000001021131165321476	0.0000000000367340934497961
0.0000000007701604454521940	0.0000000001030135580888904	0.0000000000370921632124364
0.0000000007735710483539939	0.0000000001038739902470298	0.0000000000374356288232415
0.0000000007767433279619400	0.0000000001046934174044205	0.0000000000377640728389931
0.0000000007796759561846100	0.0000000001054708848990149	0.0000000000380770959600425
0.0000000007823676895106607	0.0000000001062054804810531	0.0000000000383743175228522
0.0000000007848173702728949	0.0000000001068963357120631	0.0000000000386553759693919
0.0000000007870239278574726	0.0000000001075426272897791	0.0000000000389199292928390
0.0000000007889863798554068	0.0000000001081435782981446	0.0000000000391676554590542
0.0000000007907038331536357	0.0000000001086984593816222	0.0000000000393982528033397
0.0000000007921754849630965	0.0000000001092065898430921	0.0000000000396114404020108
0.0000000007934006237813784	0.0000000001096673386646720	0.0000000000398069584183444
0.0000000007943786302876753	0.0000000001100801254508528	0.0000000000399845684224985
0.0000000007951089781679172	0.0000000001104444212933972	0.0000000000401440536850260
0.0000000007955912348681141	0.0000000001107597495575061	0.0000000000402852194436390
0.0000000007958250622741050	0.0000000001110256865888173	0.0000000000404078931429109
0.0000000007958102173160688	0.0000000001112418623408577	0.0000000000405119246466351
0.0000000007955465524963187	0.0000000001114079609226306	0.0000000000405971864225934
0.0000000007950340163390743	0.0000000001115237210660804	0.0000000000406635736995185
0.0000000007942726537610690	0.0000000001115889365132403	0.0000000000407110045960679
0.0000000007932626063620340	0.0000000001116034563229277	0.0000000000407394202216613
0.0000000007920041126342710	0.0000000001115671850969204	0.0000000000407487847490670
0.0000000007904975080906997	0.0000000001114800831256091	0.0000000000407390854586547
0.0000000007887432253109612	0.0000000001113421664531883	0.0000000000407103327542681
0.0000000007867417939053199	0.0000000001111535068625150	0.0000000000406625601507047
0.0000000007844938403963088	0.0000000001109142317798337	0.0000000000405958242328227
0.0000000007820000880182388	0.0000000001106245240996327	0.0000000000405102045863303
0.0000000007792613564348769	0.0000000001102846219299709	0.0000000000404058037003472
0.0000000007762785613757951	0.0000000001098948182586810	0.0000000000402827468418604
0.0000000007730527141920714	0.0000000001094554605409308	0.0000000000401411819022331
0.0000000007695849213322227	0.0000000001089669502086953	0.0000000000399812792159564
0.0000000007658763837394294	0.0000000001084297421027672	0.0000000000398032313518699
0.0000000007619283961713233	0.0000000001078443438280099	0.0000000000396072528771096
0.0000000007577423464437814	0.0000000001072113150326310	0.0000000000393935800940745
0.0000000007533197146003800	0.0000000001065312666123371	0.0000000000391624707507383
0.0000000007486620720093597	0.0000000001058048598403051	0.0000000000389142037246626
0.0000000007437710803901453	0.0000000001050328054239932	0.0000000000386490786811044
0.0000000007386484907716711	0.0000000001042158624898930	0.0000000000383674157056394
0.0000000007332961423849711	0.0000000001033548374974164	0.0000000000380695549117564
0.0000000007277159614926989	0.0000000001024505830831966	0.0000000000377558560239114
0.0000000007219099601584651	0.0000000001015039968371800	0.0000000000374266979365577
0.0000000007158802349590945	0.0000000001005160200119831	0.0000000000370824782497021
0.0000000007096289656431382	0.0000000000994876361670902	0.0000000000367236127815680
0.0000000007031584137392242	0.0000000000984198697495832	0.0000000000363505350589759
0.0000000006964709211180665	0.0000000000973137846132071	0.0000000000359636957860816
0.0000000006895689085122340	0.0000000000961704824777068	0.0000000000355635622921435
0.0000000006824548739980556	0.0000000000949911013305054	0.0000000000351506179590204
0.0000000006751313914443484	0.0000000000937768137729476	0.0000000000347253616291281
0.0000000006676011089329858	0.0000000000925288253134973	0.0000000000342883069946172
0.0000000006598667471566887	0.0000000000912483726104617	0.0000000000338399819685590
0.0000000006519310977998197	0.0000000000899367216670215	0.0000000000333809280389593
0.0000000006437970219084193	0.0000000000885951659815781	0.0000000000329116996064498
0.0000000006354674482562148	0.0000000000872250246566882	0.0000000000324328633065330
0.0000000006269453717139205	0.0000000000858276404701540	0.0000000000319449973172921
0.0000000006182338516297938	0.0000000000844043779121776	0.0000000000314486906535040
0.0000000006093360102301738	0.0000000000829566211928721	0.0000000000309445424481288
0.0000000006002550310496111	0.0000000000814857722248744	0.0000000000304331612221786
0.0000000005909941574012214	0.0000000000799932485863183	0.0000000000299151641440048
0.0000000005815566908991116	0.0000000000784804814700280	0.0000000000293911762790764
0.0000000005719459900461586	0.0000000000769489136254891	0.0000000000288618298313611
0.0000000005621654689021319	0.0000000000753999973009716	0.0000000000283277633774560
0.0000000005522185958491913	0.0000000000738351921941306	0.0000000000277896210946584
0.0000000005421088924742543	0.0000000000722559634205334	0.0000000000272480519842088
0.0000000005318399325907023	0.0000000000706637795108813	0.0000000000267037090909845
0.0000000005214153414255045	0.0000000000690601104492490	0.0000000000261572487209687
0.0000000005108387950022618	0.0000000000674464257665126	0.0000000000256093296578724
0.0000000005001140197560767	0.0000000000658241927053208	0.0000000000250606123803393
0.0000000004892447924228482	0.0000000000641948744755718	0.0000000000245117582812187
0.0000000004782349402538612	0.0000000000625599286224647	0.0000000000239634288904516
0.0000000004670883416168596	0.0000000000609208055329139	0.0000000000234162851031711
0.0000000004558089270577175	0.0000000000592789471105835	0.0000000000228709864146811
0.0000000004444006809131040	0.0000000000576357856551717	0.0000000000223281901640309
0.0000000004328676435851751	0.0000000000559927429880733	0.0000000000217885507879620
0.0000000004212139146156314	0.0000000000543512298744147	0.0000000000212527190870460
0.0000000004094436567302628	0.0000000000527126458010220	0.0000000000207213415058716
0.0000000003975611010687324	0.0000000000510783791815449	0.0000000000201950594291567
0.0000000003855705538711682	0.0000000000494498080742273	0.0000000000196745084956600
0.0000000003734764049676418	0.0000000000478283015153257	0.0000000000191603179317268
0.0000000003612831385151617	0.0000000000462152215927258	0.0000000000186531099062321
0.0000000003489953465582443	0.0000000000446119264109119	0.0000000000181534989085428
0.0000000003366177461660807	0.0000000000430197741313539	0.0000000000176620911509228
0.0000000003241552011398613	0.0000000000414401283131863	0.0000000000171794839965063
0.0000000003116127496142611	0.0000000000398743648297154	0.0000000000167062654135652
0.0000000002989956393360943	0.0000000000383238806992132	0.0000000000162430134562573
0.0000000002863093730483952	0.0000000000367901052465478	0.0000000000157902957713559
0.0000000002735597673269233	0.0000000000352745141088632	0.0000000000153486691295895
0.0000000002607530295422891	0.0000000000337786467175664	0.0000000000149186789791511
0.0000000002478958595637420	0.0000000000323041280342204	0.0000000000145008590176533
0.0000000002349955857123946	0.0000000000308526954928705	0.0000000000140957307772990
0.0000000002220603488499959	0.0000000000294262323070832	0.0000000000137038032163219
0.0000000002090993552419822	0.0000000000280268085329371	0.0000000000133255723078552
0.0000000001961232294571354	0.0000000000266567315257805	0.0000000000129615206153728
0.0000000001831445156416237	0.0000000000253186076561482	0.0000000000126121168418212
0.0000000001701784035887467	0.0000000000240154172916183	0.0000000000122778153376561
0.0000000001572438033589121	0.0000000000227506049792642	0.0000000000119590555514290
0.0000000001443649740617284	0.0000000000215281862502745	0.0000000000116562614055740
0.0000000001315740577536568	0.0000000000203528711293316	0.0000000000113698405799337
0.0000000001189151341278677	0.0000000000192302016534035	0.0000000000111001836866576
0.0000000001064509042866384	0.0000000000181666955897012	0.0000000000108476633227502
0.0000000000942740379225131	0.0000000000171699799452465	0.0000000000106126329910276
0.0000000000825269258988736	0.0000000000162488847046449	0.0000000000103954258867577
0.0000000000714364184244784	0.0000000000154134494379818	0.0000000000101963535558408
0.0000000000613730429408545	0.0000000000146747758324524	0.0000000000100157044408249
0.0000000000529376253867052	0.0000000000140446464817142	0.0000000000098537423428281
0.0000000000470234286352147	0.0000000000135348410388172	0.0000000000097107048397410
0.0000000000446484182625815	0.0000000000131561362464128	0.0000000000095868017127415
0.0000000000463595797493080	0.0000000000129170866226255	0.0000000000094822134428212
0.0000000000517490089926479	0.0000000000128228212451451	0.0000000000093970898452357
0.0000000000598237872937808	0.0000000000128741836883771	0.0000000000093315489112510
0.0000000000696472054873658	0.0000000000130674996707757	0.0000000000092856759223141
0.0000000000805719590669895	0.0000000000133950632422770	0.0000000000092595228915023
0.0000000000921962007387419	0.0000000000138461837629252	0.0000000000092531083712027
0.0000000001042744395898945	0.0000000000144084756177928	0.0000000000092664176456568
0.0000000001166534518345795	0.0000000000150690718075694	0.0000000000092994033041553
0.0000000001292342044663931	0.0000000000158155592030653	0.0000000000093519861676133
0.0000000001419501827663850	0.0000000000166365744169251	0.0000000000094240565204149
0.0000000001547549797072569	0.0000000000175220987435950	0.0000000000095154755829229
0.0000000001676150193217049	0.0000000000184635331503966	0.0000000000096260771494540
0.0000000001805051639003671	0.0000000000194536358931706	0.0000000000097556693125433
0.0000000001934059817214370	0.0000000000204863879254804	0.0000000000099040361968538
0.0000000002063019983750760	0.0000000000215568301344135	0.0000000000100709396342386
0.0000000002191805475271042	0.0000000000226608986993243	0.0000000000102561207238055
0.0000000002320309970755969	0.0000000000237952723596291	0.0000000000104593012356621
0.0000000002448442164389078	0.0000000000249572375025719	0.0000000000106801848326363
0.0000000002576122024066284	0.0000000000261445724710641	0.0000000000109184580991580
0.0000000002703278115278616	0.0000000000273554501598748	0.0000000000111737913795502
0.0000000002829845655091666	0.0000000000285883569371368	0.0000000000114458394384735
0.0000000002955765075610295	0.0000000000298420256185076	0.0000000000117342419639060
0.0000000003080980948952798	0.0000000000311153802799135	0.0000000000120386239378538
0.0000000003205441172706417	0.0000000000324074909183223	0.0000000000123585959022501
0.0000000003329096345752567	0.0000000000337175362480970	0.0000000000126937541476663
0.0000000003451899285065318	0.0000000000350447731974068	0.0000000000130436808510117
0.0000000003573804648191480	0.0000000000363885119197600	0.0000000000134079441858516
0.0000000003694768635868851	0.0000000000377480953512037	0.0000000000137860984257634
0.0000000003814748756070777	0.0000000000391228825235688	0.0000000000141776840576614
0.0000000003933703635614778	0.0000000000405122349914994	0.0000000000145822279185279
0.0000000004051592868957682	0.0000000000419155058504388	0.0000000000149992433657015
0.0000000004168376896331753	0.0000000000433320309189305	0.0000000000154282304879179
0.0000000004284016905235675	0.0000000000447611217358186	0.0000000000158686763617456
0.0000000004398474750673187	0.0000000000462020600849121	0.0000000000163200553559248
0.0000000004511712890564249	0.0000000000476540938094734	0.0000000000167818294843967
0.0000000004623694333532794	0.0000000000491164337190170	0.0000000000172534488074691
0.0000000004734382596868245	0.0000000000505882514233540	0.0000000000177343518795562
0.0000000004843741672912767	0.0000000000520686779551913	0.0000000000182239662412052
0.0000000004951736002477611	0.0000000000535568030641412	0.0000000000187217089526410
0.0000000005058330454165146	0.0000000000550516750827019	0.0000000000192269871657556
0.0000000005163490308686948	0.0000000000565523012794180	0.0000000000197391987313232
0.0000000005267181247436666	0.0000000000580576486266065	0.0000000000202577328381813
0.0000000005369369344709580	0.0000000000595666449202413	0.0000000000207819706811569
0.0000000005470021063066802	0.0000000000610781801981751	0.0000000000213112861546207
0.0000000005569103251426747	0.0000000000625911084101588	0.0000000000218450465686807
0.0000000005666583145534649	0.0000000000641042492993115	0.0000000000223826133851872
0.0000000005762428370515725	0.0000000000656163904599945	0.0000000000229233429708871
0.0000000005856606945262022	0.0000000000671262895415933	0.0000000000234665873652333
0.0000000005949087288439139	0.0000000000686326765716381	0.0000000000240116950605196
0.0000000006039838225928442	0.0000000000701342563750791	0.0000000000245580117921699
0.0000000006128828999544437	0.0000000000716297110694777	0.0000000000251048813371556
0.0000000006216029276886804	0.0000000000731177026184191	0.0000000000256516463186497
0.0000000006301409162202789	0.0000000000745968754276760	0.0000000000261976490151502
0.0000000006384939208149102	0.0000000000760658589705743	0.0000000000267422321724159
0.0000000006466590428353572	0.0000000000775232704306993	0.0000000000272847398166552
0.0000000006546334310686019	0.0000000000789677173515344	0.0000000000278245180675001
0.0000000006624142831155478	0.0000000000803978002839033	0.0000000000283609159493742
0.0000000006699988468357317	0.0000000000818121154231890	0.0000000000288932861999340
0.0000000006773844218399153	0.0000000000832092572292693	0.0000000000294209860743243
0.0000000006845683610239020	0.0000000000845878210229424	0.0000000000299433781440468
0.0000000006915480721373033	0.0000000000859464055533428	0.0000000000304598310892846
0.0000000006983210193813103	0.0000000000872836155314811	0.0000000000309697204835759
0.0000000007048847250297963	0.0000000000885980641255816	0.0000000000314724295697645
0.0000000007112367710683318	0.0000000000898883754143719	0.0000000000319673500261960
0.0000000007173748008458929	0.0000000000911531867948814	0.0000000000324538827221573
0.0000000007232965207342335	0.0000000000923911513416645	0.0000000000329314384615911
0.0000000007289997017900650	0.0000000000936009401146700	0.0000000000333994387141457
0.0000000007344821814153335	0.0000000000947812444132421	0.0000000000338573163326458
0.0000000007397418650110213	0.0000000000959307779739697	0.0000000000343045162560989
0.0000000007447767276200425	0.0000000000970482791103009	0.0000000000347404961973769
0.0000000007495848155549126	0.0000000000981325127920101	0.0000000000351647273147348
0.0000000007541642480060031	0.0000000000991822726627603	0.0000000000355766948663586
0.0000000007585132186263021	0.0000000001001963829941329	0.0000000000359758988471523
0.0000000007626299970887204	0.0000000001011737005746166	0.0000000000363618546070045
0.0000000007665129306121010	0.0000000001021131165321475	0.0000000000367340934497961
0.0000000007701604454521940	0.0000000001030135580888904	0.0000000000370921632124364
0.0000000007735710483539939	0.0000000001038739902470298	0.0000000000374356288232415
0.0000000007767433279619400	0.0000000001046934174044205	0.0000000000377640728389931
0.0000000007796759561846100	0.0000000001054708848990149	0.0000000000380770959600425
0.0000000007823676895106607	0.0000000001062054804810531	0.0000000000383743175228522
0.0000000007848173702728948	0.0000000001068963357120631	0.0000000000386553759693919
0.0000000007870239278574726	0.0000000001075426272897791	0.0000000000389199292928390
0.0000000007889863798554067	0.0000000001081435782981446	0.0000000000391676554590542
0.0000000007907038331536357	0.0000000001086984593816222	0.0000000000393982528033397
0.0000000007921754849630965	0.0000000001092065898430921	0.0000000000396114404020108
0.0000000007934006237813783	0.0000000001096673386646719	0.0000000000398069584183444
0.0000000007943786302876753	0.0000000001100801254508528	0.0000000000399845684224985
0.0000000007951089781679172	0.0000000001104444212933972	0.0000000000401440536850260
0.0000000007955912348681141	0.0000000001107597495575061	0.0000000000402852194436390
0.0000000007958250622741052	0.0000000001110256865888173	0.0000000000404078931429109
0.0000000007958102173160688	0.0000000001112418623408577	0.0000000000405119246466351
0.0000000007955465524963187	0.0000000001114079609226306	0.0000000000405971864225934
0.0000000007950340163390742	0.0000000001115237210660804	0.0000000000406635736995185
0.0000000007942726537610688	0.0000000001115889365132403	0.0000000000407110045960679
0.0000000007932626063620340	0.0000000001116034563229277	0.0000000000407394202216613
0.0000000007920041126342708	0.0000000001115671850969204	0.0000000000407487847490670
0.0000000007904975080906997	0.0000000001114800831256091	0.0000000000407390854586547
0.0000000007887432253109612	0.0000000001113421664531883	0.0000000000407103327542681
0.0000000007867417939053199	0.0000000001111535068625150	0.0000000000406625601507047
0.0000000007844938403963088	0.0000000001109142317798337	0.0000000000405958242328227
0.0000000007820000880182388	0.0000000001106245240996327	0.0000000000405102045863303
0.0000000007792613564348769	0.0000000001102846219299709	0.0000000000404058037003472
0.0000000007762785613757949	0.0000000001098948182586810	0.0000000000402827468418604
0.0000000007730527141920714	0.0000000001094554605409308	0.0000000000401411819022331
0.0000000007695849213322226	0.0000000001089669502086952	0.0000000000399812792159564
0.0000000007658763837394294	0.0000000001084297421027672	0.0000000000398032313518699
0.0000000007619283961713233	0.0000000001078443438280099	0.0000000000396072528771096
0.0000000007577423464437814	0.0000000001072113150326310	0.0000000000393935800940745
0.0000000007533197146003798	0.0000000001065312666123370	0.0000000000391624707507383
0.0000000007486620720093596	0.0000000001058048598403051	0.0000000000389142037246626
0.0000000007437710803901453	0.0000000001050328054239931	0.0000000000386490786811044
0.0000000007386484907716711	0.0000000001042158624898930	0.0000000000383674157056394
0.0000000007332961423849710	0.0000000001033548374974164	0.0000000000380695549117564
0.0000000007277159614926988	0.0000000001024505830831966	0.0000000000377558560239114
0.0000000007219099601584651	0.0000000001015039968371800	0.0000000000374266979365577
0.0000000007158802349590945	0.0000000001005160200119831	0.0000000000370824782497021
0.0000000007096289656431382	0.0000000000994876361670902	0.0000000000367236127815680
0.0000000007031584137392242	0.0000000000984198697495832	0.0000000000363505350589759
0.0000000006964709211180664	0.0000000000973137846132071	0.0000000000359636957860816
0.0000000006895689085122340	0.0000000000961704824777068	0.0000000000355635622921435
0.0000000006824548739980556	0.0000000000949911013305053	0.0000000000351506179590204
0.0000000006751313914443484	0.0000000000937768137729476	0.0000000000347253616291281
0.0000000006676011089329857	0.0000000000925288253134973	0.0000000000342883069946172
0.0000000006598667471566887	0.0000000000912483726104616	0.0000000000338399819685590
0.0000000006519310977998198	0.0000000000899367216670215	0.0000000000333809280389593
0.0000000006437970219084193	0.0000000000885951659815781	0.0000000000329116996064498
0.0000000006354674482562146	0.0000000000872250246566882	0.0000000000324328633065330
0.0000000006269453717139204	0.0000000000858276404701540	0.0000000000319449973172921
0.0000000006182338516297938	0.0000000000844043779121776	0.0000000000314486906535040
0.0000000006093360102301738	0.0000000000829566211928721	0.0000000000309445424481288
0.0000000006002550310496111	0.0000000000814857722248744	0.0000000000304331612221786
0.0000000005909941574012214	0.0000000000799932485863183	0.0000000000299151641440048
0.0000000005815566908991116	0.0000000000784804814700279	0.0000000000293911762790764
0.0000000005719459900461586	0.0000000000769489136254891	0.0000000000288618298313611
0.0000000005621654689021319	0.0000000000753999973009716	0.0000000000283277633774560
0.0000000005522185958491913	0.0000000000738351921941306	0.0000000000277896210946584
0.0000000005421088924742543	0.0000000000722559634205334	0.0000000000272480519842088
0.0000000005318399325907023	0.0000000000706637795108813	0.0000000000267037090909845
0.0000000005214153414255045	0.0000000000690601104492489	0.0000000000261572487209687
0.0000000005108387950022618	0.0000000000674464257665126	0.0000000000256093296578724
0.0000000005001140197560766	0.0000000000658241927053208	0.0000000000250606123803393
0.0000000004892447924228482	0.0000000000641948744755718	0.0000000000245117582812187
0.0000000004782349402538612	0.0000000000625599286224646	0.0000000000239634288904516
0.0000000004670883416168596	0.0000000000609208055329139	0.0000000000234162851031711
0.0000000004558089270577175	0.0000000000592789471105835	0.0000000000228709864146811
0.0000000004444006809131040	0.0000000000576357856551717	0.0000000000223281901640309
0.0000000004328676435851751	0.0000000000559927429880733	0.0000000000217885507879620
0.0000000004212139146156314	0.0000000000543512298744147	0.0000000000212527190870460
0.0000000004094436567302628	0.0000000000527126458010220	0.0000000000207213415058716
0.0000000003975611010687324	0.0000000000510783791815448	0.0000000000201950594291567
0.0000000003855705538711682	0.0000000000494498080742273	0.0000000000196745084956600
0.0000000003734764049676418	0.0000000000478283015153257	0.0000000000191603179317268
0.0000000003612831385151617	0.0000000000462152215927258	0.0000000000186531099062321
0.0000000003489953465582443	0.0000000000446119264109119	0.0000000000181534989085428
0.0000000003366177461660807	0.0000000000430197741313539	0.0000000000176620911509228
0.0000000003241552011398612	0.0000000000414401283131863	0.0000000000171794839965063
0.0000000003116127496142611	0.0000000000398743648297154	0.0000000000167062654135652
0.0000000002989956393360943	0.0000000000383238806992132	0.0000000000162430134562573
0.0000000002863093730483952	0.0000000000367901052465478	0.0000000000157902957713559
0.0000000002735597673269233	0.0000000000352745141088632	0.0000000000153486691295895
0.0000000002607530295422891	0.0000000000337786467175664	0.0000000000149186789791511
0.0000000002478958595637420	0.0000000000323041280342204	0.0000000000145008590176533
0.0000000002349955857123946	0.0000000000308526954928705	0.0000000000140957307772990
0.0000000002220603488499959	0.0000000000294262323070831	0.0000000000137038032163219
0.0000000002090993552419822	0.0000000000280268085329371	0.0000000000133255723078552
0.0000000001961232294571354	0.0000000000266567315257805	0.0000000000129615206153728
0.0000000001831445156416237	0.0000000000253186076561482	0.0000000000126121168418212
0.0000000001701784035887467	0.0000000000240154172916183	0.0000000000122778153376561
0.0000000001572438033589121	0.0000000000227506049792642	0.0000000000119590555514290
0.0000000001443649740617284	0.0000000000215281862502745	0.0000000000116562614055740
0.0000000001315740577536569	0.0000000000203528711293316	0.0000000000113698405799337
0.0000000001189151341278677	0.0000000000192302016534035	0.0000000000111001836866576
0.0000000001064509042866384	0.0000000000181666955897012	0.0000000000108476633227502
0.0000000000942740379225131	0.0000000000171699799452465	0.0000000000106126329910276
0.0000000000825269258988736	0.0000000000162488847046449	0.0000000000103954258867577
0.0000000000714364184244784	0.0000000000154134494379818	0.0000000000101963535558408
0.0000000000613730429408545	0.0000000000146747758324524	0.0000000000100157044408249
0.0000000000529376253867052	0.0000000000140446464817142	0.0000000000098537423428281
0.0000000000470234286352147	0.0000000000135348410388172	0.0000000000097107048397410
0.0000000000446484182625815	0.0000000000131561362464128	0.0000000000095868017127415
0.0000000000463595797493080	0.0000000000129170866226255	0.0000000000094822134428212
0.0000000000517490089926478	0.0000000000128228212451451	0.0000000000093970898452357
0.0000000000598237872937808	0.0000000000128741836883771	0.0000000000093315489112510
0.0000000000696472054873658	0.0000000000130674996707757	0.0000000000092856759223141
0.0000000000805719590669895	0.0000000000133950632422770	0.0000000000092595228915023
0.0000000000921962007387418	0.0000000000138461837629252	0.0000000000092531083712027
0.0000000001042744395898945	0.0000000000144084756177928	0.0000000000092664176456568
0.0000000001166534518345795	0.0000000000150690718075694	0.0000000000092994033041553
0.0000000001292342044663931	0.0000000000158155592030653	0.0000000000093519861676133
0.0000000001419501827663850	0.0000000000166365744169251	0.0000000000094240565204149
0.0000000001547549797072569	0.0000000000175220987435950	0.0000000000095154755829229
0.0000000001676150193217049	0.0000000000184635331503966	0.0000000000096260771494540
0.0000000001805051639003671	0.0000000000194536358931706	0.0000000000097556693125433
0.0000000001934059817214370	0.0000000000204863879254804	0.0000000000099040361968538
0.0000000002063019983750760	0.0000000000215568301344135	0.0000000000100709396342386
0.0000000002191805475271042	0.0000000000226608986993243	0.0000000000102561207238055
0.0000000002320309970755969	0.0000000000237952723596291	0.0000000000104593012356621
0.0000000002448442164389078	0.0000000000249572375025719	0.0000000000106801848326363
0.0000000002576122024066284	0.0000000000261445724710641	0.0000000000109184580991580
0.0000000002703278115278616	0.0000000000273554501598748	0.0000000000111737913795502
0.0000000002829845655091666	0.0000000000285883569371368	0.0000000000114458394384735
0.0000000002955765075610295	0.0000000000298420256185076	0.0000000000117342419639060
0.0000000003080980948952797	0.0000000000311153802799135	0.0000000000120386239378538
0.0000000003205441172706416	0.0000000000324074909183223	0.0000000000123585959022501
0.0000000003329096345752567	0.0000000000337175362480970	0.0000000000126937541476663
0.0000000003451899285065318	0.0000000000350447731974068	0.0000000000130436808510117
0.0000000003573804648191480	0.0000000000363885119197600	0.0000000000134079441858516
0.0000000003694768635868851	0.0000000000377480953512037	0.0000000000137860984257634
0.0000000003814748756070777	0.0000000000391228825235689	0.0000000000141776840576614
0.0000000003933703635614777	0.0000000000405122349914994	0.0000000000145822279185279
0.0000000004051592868957682	0.0000000000419155058504388	0.0000000000149992433657015
0.0000000004168376896331753	0.0000000000433320309189305	0.0000000000154282304879179
0.0000000004284016905235675	0.0000000000447611217358186	0.0000000000158686763617456
0.0000000004398474750673187	0.0000000000462020600849121	0.0000000000163200553559248
0.0000000004511712890564249	0.0000000000476540938094735	0.0000000000167818294843967
0.0000000004623694333532794	0.0000000000491164337190170	0.0000000000172534488074691
0.0000000004734382596868245	0.0000000000505882514233540	0.0000000000177343518795562
0.0000000004843741672912767	0.0000000000520686779551913	0.0000000000182239662412052
0.0000000004951736002477611	0.0000000000535568030641412	0.0000000000187217089526410
0.0000000005058330454165146	0.0000000000550516750827019	0.0000000000192269871657556
0.0000000005163490308686948	0.0000000000565523012794180	0.0000000000197391987313232
0.0000000005267181247436666	0.0000000000580576486266066	0.0000000000202577328381813
0.0000000005369369344709580	0.0000000000595666449202413	0.0000000000207819706811569
