0.0000000000000000000000000	0.0000000000000000000000000	0.0000000000000000000000000	0.0000000000000000000000000	0.0000000000000000000000000
10.0000000000000000000000000	20.0000000000000000000000000	30.0000000000000000000000000	40.0000000000000000000000000	50.0000000000000000000000000
NaN	19.5093625634340988028725405	29.5832445368406524721649475	39.8350681999593376758639351	50.3541056834395419627981028
NaN	0.0000000010893316885752764	0.0000000008783685280827070	0.0000000006925880068454202	0.0000000005615599123484521
NaN	0.0000000010851372927681096	0.0000000008768858418070226	0.0000000006919419737391231	0.0000000005612255583377809
NaN	0.0000000010725731360373235	0.0000000008723865612937111	0.0000000006899573493113719	0.0000000005602032208002914
NaN	0.0000000010600050301766514	0.0000000008678858665793893	0.0000000006879721010821343	0.0000000005591805619245846
NaN	0.0000000010474329733238834	0.0000000008633837569971919	0.0000000006859862287572577	0.0000000005581575815591342
NaN	0.0000000010348569636156352	0.0000000008588802318798322	0.0000000006839997320424031	0.0000000005571342795523171
NaN	0.0000000010258566252879618	0.0000000008555863393995872	0.0000000006825161021284093	0.0000000005563552179968099
NaN	0.0000000010183878047377598	0.0000000008528105068629318	0.0000000006812478185963935	0.0000000005556807387001355
NaN	0.0000000010109166347630374	0.0000000008500338011483784	0.0000000006799791361076199	0.0000000005550060472363340
NaN	0.0000000010034431142550526	0.0000000008472562218438569	0.0000000006787100544738129	0.0000000005543311435052791
NaN	0.0000000009959672421043660	0.0000000008444777685370372	0.0000000006774405735065785	0.0000000005536560274067826
NaN	0.0000000009884890172008383	0.0000000008416984408153292	0.0000000006761706930174026	0.0000000005529806988405917
NaN	0.0000000009810084384336334	0.0000000008389182382658838	0.0000000006749004128176546	0.0000000005523051577063913
NaN	0.0000000009735255046912143	0.0000000008361371604755916	0.0000000006736297327185832	0.0000000005516294039038030
NaN	0.0000000009660402148613448	0.0000000008333552070310836	0.0000000006723586525313195	0.0000000005509534373323852
NaN	0.0000000009585525678310882	0.0000000008305723775187294	0.0000000006710871720668749	0.0000000005502772578916328
NaN	0.0000000009307807546580953	0.0000000008185879398264402	0.0000000006647659037374923	0.0000000005464470251757738
NaN	0.0000000009480885615365860	0.0000000008217514273489669	0.0000000006644734909974333	0.0000000005453223157840122
NaN	0.0000000010026966660280025	0.0000000008368546058301284	0.0000000006687184598414578	0.0000000005461227084689288
NaN	0.0000000010859770171093600	0.0000000008601077083031623	0.0000000006757454559658049	0.0000000005479433283165183
NaN	0.0000000011880727317030689	0.0000000008876124677136311	0.0000000006837949857479143	0.0000000005498422951168188
NaN	0.0000000013002189415293411	0.0000000009160346790266452	0.0000000006913841098078904	0.0000000005510909096883360
NaN	0.0000000014130982914589285	0.0000000009422824134402613	0.0000000006972102307912507	0.0000000005510107112516878
NaN	0.0000000015156639857304846	0.0000000009630680559229830	0.0000000006999483607903249	0.0000000005489525652059866
NaN	0.0000000015996315320418618	0.0000000009761939322986793	0.0000000006987533749211229	0.0000000005445496990904730
NaN	0.0000000016574475828452923	0.0000000009798297067617449	0.0000000006929248249786304	0.0000000005374543750790611
NaN	0.0000000016792468496976008	0.0000000009716218479614001	0.0000000006816728857390716	0.0000000005273256468357229
NaN	0.0000000016616661899881669	0.0000000009510484802356408	0.0000000006648775595557379	0.0000000005141263278344924
NaN	0.0000000016053681331348362	0.0000000009184522225853375	0.0000000006426859885239978	0.0000000004979648661140519
NaN	0.0000000015135809540950467	0.0000000008748219205774372	0.0000000006155714795868731	0.0000000004790953881137874
NaN	0.0000000013954250919957642	0.0000000008225604406934870	0.0000000005845247900509840	0.0000000004580334368675629
NaN	0.0000000012606413885272426	0.0000000007642071296093502	0.0000000005505484356276264	0.0000000004352740308645716
NaN	0.0000000011178585264874209	0.0000000007020850512113963	0.0000000005145657027787174	0.0000000004112789709794874
NaN	0.0000000009740062959136855	0.0000000006381619319664296	0.0000000004774003306879570	0.0000000003864685909149479
NaN	0.0000000008343163385835431	0.0000000005740057300044002	0.0000000004396933105257196	0.0000000003611689091561870
NaN	0.0000000007030261843918551	0.0000000005110952593319427	0.0000000004020861923235838	0.0000000003356874645458467
NaN	0.0000000005832675179414051	0.0000000004506526751980031	0.0000000003651618112023396	0.0000000003103739016795980
NaN	0.0000000004768012409470005	0.0000000003936767037313759	0.0000000003294185872411008	0.0000000002855021213382884
NaN	0.0000000003842290609641135	0.0000000003408023968777665	0.0000000002952518039770083	0.0000000002613075876692084
